59.3333333333
54.6666666667
52.0
54.0
58.0
68.3333333333
46.3333333333
69.0
47.6666666667
64.6666666667
66.6666666667
46.6666666667
61.3333333333
49.3333333333
57.6666666667
59.0
76.6666666667
81.0
92.3333333333
58.6666666667
62.3333333333
86.3333333333
54.0
64.6666666667
72.3333333333
52.0
83.0
52.6666666667
72.3333333333
67.6666666667
79.0
64.6666666667
69.6666666667
44.0
80.0
49.3333333333
43.0
68.0
63.0
50.3333333333
65.6666666667
76.0
50.0
59.6666666667
61.6666666667
74.3333333333
72.3333333333
59.0
57.0
79.6666666667
49.3333333333
68.6666666667
71.6666666667
60.6666666667
70.3333333333
63.3333333333
61.6666666667
42.3333333333
60.0
86.0
52.3333333333
50.3333333333
58.0
70.3333333333
60.3333333333
54.0
75.6666666667
56.6666666667
66.0
68.0
61.3333333333
66.3333333333
54.3333333333
53.3333333333
36.3333333333
55.6666666667
66.3333333333
81.3333333333
43.3333333333
71.0
63.6666666667
71.6666666667
74.0
43.6666666667
46.0
49.0
46.3333333333
63.3333333333
80.6666666667
68.3333333333
42.0
82.6666666667
89.6666666667
60.6666666667
71.6666666667
80.6666666667
68.0
60.6666666667
78.0
68.0
68.3333333333
59.6666666667
46.6666666667
60.0
51.0
39.0
63.6666666667
61.3333333333
58.3333333333
40.3333333333
52.6666666667
65.6666666667
47.6666666667
60.6666666667
43.6666666667
46.3333333333
42.0
51.0
62.6666666667
68.6666666667
57.6666666667
69.0
63.0
55.6666666667
65.3333333333
57.3333333333
48.6666666667
54.3333333333
46.3333333333
65.0
61.3333333333
62.0
78.3333333333
36.0
61.0
72.3333333333
91.0
45.0
53.0
88.3333333333
63.0
59.6666666667
60.3333333333
58.6666666667
72.6666666667
61.6666666667
62.6666666667
50.0
41.6666666667
47.0
56.0
73.0
59.6666666667
79.3333333333
37.3333333333
43.6666666667
75.3333333333
45.0
85.6666666667
53.6666666667
86.6666666667
43.6666666667
92.3333333333
58.3333333333
43.3333333333
61.1454545455 60.1939393939 62.8606060606